Minimum Swaps to Sort 
-----------------------
2
4
4 3 2 1
5
1 5 4 3 2




1
4
1 2 4 3


Unit Area of largest region of 1's
----------------------------------------
2
3 3
1 1 0 0 0 1 1 0 1
1 3
1 1 1


1
1 3
1 1 1

1
5 5
0 1 1 0 0 0 0 0 1 0 0 0 1 0 0 0 0 0 1 1 1 1 0 1 1

1
1 5
0 1 0 1 0


Mother Vertex
---------------
2
5 5
1 0 0 2 2 1 0 3 3 4
3 2
0 1 2 1


1
5 5
1 0 0 2 2 1 0 3 3 4


1
5 4
4 0 4 1 4 2 4 3




Distance
----------
2
2 2 
1 0 0 1
1 2
1 1



1
2 2 
1 0 0 1

1
5 5
0 1 0 0 0 0 0 1 0 0 1 1 1 0 0 0 0 0 0 1 1 0 0 0 0



1
4 7
1 1 1 1 0 0 1 1 0 1 0 1 1 0 0 0 0 0 1 0 1 1 0 0 0 1 1 1


Correct Output:
0 0 0 0 1 1 0 0 1 0 1 0 0 1 1 2 1 1 0 1 0 0 1 2 1 0 0 0